fref=15.0
A_use=0.27
V1_proxy=0.26989876620623693
THD_proxy=1.1428491755420485
switch_edges_proxy=80
